using cnn, highest accuracy achieved was 99.23
Extracting MNIST_data/train-images-idx3-ubyte.gz
Extracting MNIST_data/train-labels-idx1-ubyte.gz
Extracting MNIST_data/t10k-images-idx3-ubyte.gz
Extracting MNIST_data/t10k-labels-idx1-ubyte.gz
0.1198
0.5232
0.6974
0.7575
0.7866
0.811
0.8245
0.8317
0.8413
0.8512
0.8483
0.8565
0.8613
0.866
0.8639
0.8677
0.8706
0.8684
0.8676
0.8735
0.8713
0.8795
0.8774
0.8822
0.8798
0.8801
0.8794
0.8809
0.8821
0.8825
0.8783
0.8816
0.8809
0.879
0.8844
0.8837
0.8857
0.8817
0.8825
0.8831
0.8841
0.8785
0.8869
0.8867
0.8865
0.8849
0.8838
0.8787
0.8839
0.8855
Extracting MNIST_data/train-images-idx3-ubyte.gz
Extracting MNIST_data/train-labels-idx1-ubyte.gz
Extracting MNIST_data/t10k-images-idx3-ubyte.gz
Extracting MNIST_data/t10k-labels-idx1-ubyte.gz
0.109
0.5664
0.7141
0.7706
0.7991
0.8189
0.8313
0.841
0.8446
0.849
0.8521
0.8589
0.8632
0.8638
0.8661
0.8712
0.8688
0.8693
0.8703
0.87
0.8709
0.8666
0.8771
0.8766
0.8791
0.8762
0.8708
0.8778
0.8745
0.8772
0.8768
0.8817
0.8798
0.8725
0.8805
0.88
0.8829
0.8779
0.884
0.8815
0.8829
0.8836
0.8793
0.8816
0.8789
0.8798
0.8818
0.8824
0.8817
0.8804
0.8801
0.8872
0.8858
0.882
0.8828
0.887
0.8834
0.8807
0.8858
0.8886
0.8822
0.8832
0.8874
0.8857
0.8852
0.887
0.8904
0.8829
0.8856
0.8793
0.8806
0.8891
0.878
0.8887
0.8834
0.8843
0.8864
0.8863
0.8826
0.8834
0.8819
0.8855
0.8888
0.8889
0.8856
0.8839
0.8883
0.8911
0.8944
0.886
0.8905
0.8902
0.8905
0.8828
0.8825
0.8933
0.8899
0.8843
0.8833
0.8899
